alpha = 0.046301        ximax=1.199707  rhoc = 2368.523138      kai2 = 38308.463039
alpha = 0.046780        ximax=1.200000  rhoc = 2334.744263      kai2 = 38381.224801
alpha = 0.050597        ximax=1.100000  rhoc = 2315.617371      kai2 = 39830.117000
alpha = 0.055098        ximax=1.003906  rhoc = 2295.536020      kai2 = 40705.226533
